37370.2173565834
250620.8162079280
-528815.1589800826
-867937.7959900869
-474359.6539963409
934687.7422479442
-532946.7021841385
444137.1955752313
576454.7184355368
686070.4534970988
465159.1904452089
289883.8823531022
644425.1269462133
247938.7413477479
-205357.5372129183
617652.9102946703
830820.4101454755
880045.0315153112
341692.0683198141
699556.2900384517
-404584.2618952234
781622.4294974623
-138625.4306478569
-88648.5951027802
317913.9352268057
889558.0178793694
-733849.8974611251
-728841.0813054995
-396928.7933602632
505720.9959583841
-160419.3411922450
-839697.7142809947
51182.5573331954
731318.7632629479
-720554.9992279420
183171.3450270309
928023.3885463225
637437.6404438201
339924.9693761122
-642313.2128392651
113904.8550915683
-544111.9765792695
416851.9052335987
531980.9234010402
-748867.5806609356
894484.5429622462
987514.2840331181
128271.8869498609
432093.4535050036
860591.2325547789
370459.0436768716
-326785.3526969469
476851.0129428860
720925.6364699312
198725.1362751989
-841152.6792198902
-549279.6671055543
-29300.7387436023
208675.2554092468
-88123.9645403240
-744203.0121189551
730408.6517622522
288903.4905820487
122487.5734598039
786087.6802857273
453818.3121803409
-395082.8196451190
-676267.3652786788
623924.0736396593
-522998.6098731187
-539798.7192539838
-48165.7276705506
66596.8025559389
-724306.3238883983
-980366.2039783394
820552.2222176335
-623813.4410330824
450152.1546137560
949028.3052137363
-732695.5823551049
677481.9713368820
85126.9960608079
868637.1425950584
-774700.9036675307
-467206.3018893717
-265184.9557341657
-486584.4951537140
550483.2239448802
209506.8627386634
-911577.2997357415
-23812.4115055763
84912.0503176707
348448.1698160731
978763.5149096589
773138.5296146456
179203.9084060351
-51293.4026191080
802895.5983481570
321914.6071788140
-852262.5148613513
632610.3226807749
-51402.9035231037
442036.8990275901
547579.6939520311
-165776.2090300653
648404.7062706182
976918.8675533254
-454137.5362192546
1814.8800923264
-788991.2190370917
-357945.3815420160
147687.8594904835
-571287.4401074614
63139.3845062705
-86876.6070453266
-867437.6211008868
-596059.0737493230
164265.3886819925
-174972.1490908165
-478899.8122657139
418181.0950619303
-134543.0615660505
84323.7162043629
659544.5446216136
-836554.0661588760
383197.2346732835
-339322.0201480180
-443086.4398963731
964295.5935164815
-535317.8604749218
717095.0829372528
676827.6269209158
215275.2351764907
341735.6372229453
-139608.5457385567
-142369.9230446009
503926.9640972378
-771558.8578993560
-326913.4865684527
-989452.6594104899
-897274.7597379324
-885682.4450256489
-263635.1833438448
430378.9223531243
-422846.3701030707
294597.3479697152
-209314.0374339796
-92807.8103661657
-178854.4526439368
855885.1329868090
15720.7054501172
673314.4428163952
70419.0347136958
-431983.6726776881
757673.3195818956
508534.9215889564
-590389.3216662941
-500092.8849834023
-925351.9332440282
-580744.9189920494
648458.6850666520
826523.2312140898
559538.7827776991
293422.3554733744
379691.4113379338
577910.4925772213
431115.6253888143
-53723.5725223452
30277.6656509990
-697575.6174042411
626355.7826977994
-84378.4087854729
678955.0748711893
749662.2823482439
-504208.6223161722
15804.6168811106
-723831.0890334576
-956823.6323077688
-952682.8445087745
977781.9590375443
-900729.7350045995
-234386.1558242413
-243778.7242144214
200622.7105758992
-235724.1077274700
519159.0510958306
-17084.6818100327
-315330.9747426467
715841.5210756914
-442976.3806242321
-628902.6741655553
-807480.8019813267
365766.5394275221
195617.1121963577
-782455.9857678718
33698.0179438221
-448667.1092097318
864982.1381020746
478969.4560444405
-57740.6695419037
-618692.9032393854
554264.4298259007