-15731133.749990
14211358.685772
-4712512.397536
-6110676.483358
-10006321.659842
13031242.810173
-5904548.511970
1544119.331161
12473793.072290
-3579953.762211
17976318.096923
-2251538.369788
18814594.774876
17294066.787352
11055590.352072
-2328618.469451
-18753111.126901
-11125203.622935
-14914994.663611
-3021652.167299
15061058.794296
-6040920.920766
-6765535.977641
-5642109.083943
8077338.491702
-12328463.157478
-19901517.251381
-8905158.731576
-11816510.369882
18729996.919448
-2335112.144143
5664675.998563
-10582129.472586
19980030.053990
12272124.424215
-7719447.479885
18933771.313279
19406848.459071
7784557.131420
15708855.492441
16245746.857054
-2389112.342154
-3985841.560342
14860607.921994
10408264.089709
-21133019.246996
-15932679.754332
10101177.499328
7630557.000572
-11579176.540250
-3785854.116622
-14367783.532356
14636579.551041
-6273288.309654
9565292.949525
-8444941.240399
11242760.031317
19830840.316369
-11202964.083104
2436581.798454
19904982.987068
-20462900.114012
-7432975.395180
-4613058.045360
-4501973.377657
-17450295.526055
-5832346.060623
13474879.675830
17127917.199765
6506613.850864
15815787.790183
-16913352.012429
11367857.237370
19290149.716259
10484489.549079
-19902253.904570
-10982128.093972
-15862288.236760
13206100.408810
-684756.209543
11234050.235205
9468404.609579
-15543118.674222
10768067.065144
-3891909.049742
-19220201.422675
484580.495349
9917101.378803
-20261546.725697
-14487024.644543
-16355744.829714
15677634.628541
6490123.332178
16242581.365966
-21184723.057127
19182041.148777
-14852194.477013
-13228985.097431
8892183.329091
-10600237.668005
-12071344.855280
15132357.951991
269104.473974
-19777701.879290
-9145716.698455
4201413.679830
-10009163.670294
-11642487.745979
11224035.903755
-169926.504323
-20421233.366399
-4179430.088243
15125128.540363
11016036.687744
-337931.166220
9562763.045246
6270098.489126
-13443426.294817
11518885.443163
8883911.701314
-21300913.485153
-13798167.256164
20601841.507878
-3890714.739016
-14779946.263082
17303527.233215
12719077.323097
-16449400.537780
-8878553.686454
1354818.753682
-9232158.262950
-18808269.158056
-10989942.387947
20165134.423080
-20569900.703456
5119621.243848
-19045364.205702
-9456959.592425
10376571.871567
3036480.678190
-5488353.384330
-12030236.408864
-1844886.468471
-9919957.984462
-8422067.230231
19111173.788843
-10061105.058984
11283905.113540
-3984223.182463
-2101792.389551
4968873.487143
-7020107.273757
-1543435.042597
-14997076.721851
-10397914.053459
9032101.347261
-3174179.143352
15957414.420024
-21213909.119416
18883004.274775
-1599716.509323
-20936413.997320
11835298.488126
11157003.692634
10155723.095959
-18581502.430097
-15702692.866520
-11705061.273617
-10211231.471629
1303783.069411
-18798174.601910
-6451930.697334
13931914.608454
-14042250.806665
-17754570.996919
16573771.137300
-16185773.183030
3452341.544892
-3041778.995938
-3934493.850719
-9433703.014806
8520630.130223
9945772.542826
-11070684.066925
7827743.443684
9106216.211917
8358406.913151
-6738061.948093
3380739.431665
12052260.496156
-17911991.889605
-343033.441346
-10352546.670894
-1062211.231784
-19681279.522424
-18440698.403264
-3142661.441035
-13540633.439066
7516705.304858
19355359.838902
2059144.849895
-8046331.803068
18084790.797381
-21196468.785402
-8363426.342999
19933224.522884
-7734298.447697
2995341.368638
3418804.056118
9333391.258030
9852086.680634
-20362506.557961
11643364.930710
5588632.070837
16891985.260378
19383136.197193
4235521.231764
19575265.353831
14825467.936991
19888703.910026
11765683.177982
-14524072.518071
-7577339.180995
-16677438.476879
-835940.538595
-11465922.218572
-20782119.992168
12673466.357155
-1502308.392165
5528836.570923
16204132.474325
3041042.723772
-7318876.054602
-11934953.186497
-5322508.215015
-20369038.491101
12336948.872395
9195228.659295
-19606850.571800
11163379.695245
-9555887.348497
-5240019.774610
-3807737.238264
-3671723.329939
4505540.139694
6602508.636696
-4957866.848665
-7341994.121117
-12915664.106934
-5272664.536194
-7305441.099431
-14857402.064021
7202093.877641
-15774081.160346
14769347.715392
-16831574.939743
316903.465591
4758212.046486
18104083.063321
1009613.581020
21388328.399755
-7468434.653460
-16992272.385652
16316660.051538
17862973.380402
14769500.754264
-17198451.710734
-6323064.800704
-12188529.892466
19658147.700828
-16641559.643454
-12765564.698696
18241028.220747
-12175785.401654
20666931.439629
19379184.318681
4782422.112213
-6129399.288341
15322947.748018
-18784624.615693
-20602333.536334
5444087.955027
9320745.091192
3439482.638230
15603510.377873
-5244421.613331
2804516.226403
21005307.945501
9962445.374696
7314082.808234
15462565.247742
19695252.604587
8382184.143327
-10293870.817500
16031121.545207
-15427993.125640
-18311781.750829
17705325.628836
15373228.045099
-8050724.182881
-11151798.506221
10586546.903500
-5015716.537620
-16008153.471331
-12285083.131833
-1075880.470776
-7926623.140154
1315445.123676
-13435481.639308
3408645.176890
-2050582.363942
-4877092.026628
11239850.968153
-2834954.160968
-7685978.852074
4953841.173157
11871070.772469
-18408733.011977
-12555909.490716
4618420.717679
-16396363.810726
-6397025.566798
4448242.745673
-11594173.607931
12165742.047864
15554298.553330
-3841705.699595
17792079.059276
-12742564.077244
-7695975.548614
13843694.601268
-9346010.870848
-10585492.034471
-17187257.659710
-18447175.672839
4788661.547500
11825502.787893
18151354.246858
-18222121.209125
17673979.251183
8723458.377262
-11119375.839226
-12457947.682459
-21162718.755629
-14991494.716970
-6854715.156755
-5871850.699178
19163540.653355
-18347620.079717
11461806.217722
2137780.036896
6481956.801504
-2733002.628735
19892819.708389
-3093931.215683
-6777976.803148
2863481.337133
-3115479.326252
-4994952.077627
-18219433.823002
-757194.731315
-12156727.213447
10498201.027359
7898591.637914
238468.960260
20135447.355174
-6729969.545544
-19272836.414105
7424146.852961
-16647873.591379
-16611913.836015
19698266.448442
-14116972.877378
-14915484.066194
8599997.399587
-18322527.797164
-20046111.377111
16334101.930339
2168488.223189
-15987666.852891
9559491.597120
-19598634.244116
11434683.955519
-5228763.293074
-4523963.307796
2333542.448133
-16553976.709870
16831774.719939
-17646310.303075
-7055297.181934
18991751.652824
15354910.744708
16786085.486332
-9420338.890566
-1251375.493153
1616887.175635
13414313.085886
3481550.563056
20947448.329704
19858814.513398
-3027911.965079
-13641406.252169
-21004797.258681
12253941.949375
-21061378.519373
9893500.470770
-13153144.033512
-3088109.741083
907056.722302
11020559.477935
-16539486.500727
13394257.964928
20947719.807859
14724046.808124
-9131999.120442
-19186956.034211
-14218868.073192
-4016019.831059
-3613985.816061
-6678074.752124
14551696.067572
-8588169.022442
-15183111.765770
-11203199.495948
19701434.694105
-812614.257491
-16835586.507006
-4770795.329920
9394580.015415
3033518.894736
3450043.930477
9575079.321309
16609841.414060
-17944555.847529
9563808.397827
-6509374.827716
-6597872.594671
11180016.807559
2827246.042376
4404409.298563
-5185679.846983
9889245.477007
8078703.974656
5044239.017035
11438472.998651
4863535.080569
6201539.454822
4610266.806997
-19059492.025487
960962.561378
-18870.782687
-18864526.369020
16697574.588559
-434832.707071
-13292921.241271
9222421.271334
2917923.630611
10308968.081149
3006537.742010
10239384.930106
10112613.167214
-6777772.179859
-17680697.662710
-2684256.955843
12186132.970035
15343762.845982
-16856177.867852
12650049.386523
-18836202.134797
19208772.521348
13633059.235258
-3710087.005955
11206675.939647
-8129797.777913
13941806.620092
-671394.844807
9342682.756119
-8421550.703122
18383363.321661
791783.544650
-20730043.656970
-20741525.957540
-308812.125814
19153365.708059
9004975.633215
-9014936.317916
-18158911.989380
-7482346.665444
-5970364.142582
-5664695.967786
-12802095.273951
3452009.828520
18622990.262660
-9211687.782427
-20124671.333557
-15766845.229938
229994.394850
-4268026.892305
-7190838.998047
5992113.705364
12045959.813411
20674920.022033